

Total Games: 200k
lr: [0.1, 0.01]
epsilon: [0.001, 0.0003, 0.0001, 0.00003, 0.00001]
alpha: [0.03, 0.01, 0.003, 0.001]
